"SlucajeviSvijet","SlucajeviHrvatska","UmrliSvijet","UmrliHrvatska","IzlijeceniSvijet","IzlijeceniHrvatska","Datum"
107442496,236333,2352172,5238,79380430,228499,"2021-02-10 10:27"
107019552,235756,2336667,5224,78889626,228203,"2021-02-09 11:39"
106712241,235473,2327942,5198,78401924,227868,"2021-02-08 10:55"
106358244,235402,2320798,5169,77999694,227485,"2021-02-07 10:37"
105981873,235126,2310748,5144,77620967,227078,"2021-02-06 11:04"
105436064,234702,2294862,5122,77131245,226625,"2021-02-05 10:41"
104926752,234153,2278900,5106,76672042,226073,"2021-02-04 11:16"
104447241,233637,2264087,5088,76335754,225623,"2021-02-03 11:00"
103938208,232907,2247936,5071,75763231,225300,"2021-02-02 10:35"
103538277,232520,2238022,5054,75140210,224915,"2021-02-01 10:56"
103169675,232426,2230297,5027,74819916,224476,"2021-01-31 10:51"
102650713,232090,2216748,4998,74346056,224017,"2021-01-30 10:51"
102057419,231539,2201325,4972,73903379,223450,"2021-01-29 10:49"
101458805,230978,2184712,4943,73351625,222862,"2021-01-28 10:50"
100856979,230359,2167510,4913,72892416,222396,"2021-01-27 11:05"
100318660,229502,2150615,4882,72368409,222110,"2021-01-26 12:42"
99782678,229054,2139214,4859,71776547,221676,"2021-01-25 11:02"
99338137,228920,2130626,4827,71396886,221097,"2021-01-24 12:02"
98764787,228568,2116714,4799,70964463,220537,"2021-01-23 10:54"
98112223,227969,2100959,4770,70520774,219878,"2021-01-22 10:55"
97325443,227326,2083754,4738,69882077,219082,"2021-01-21 10:37"
96643566,226550,2066003,4711,69323391,218358,"2021-01-20 11:02"
96027401,225648,2049769,4684,68692236,217880,"2021-01-19 10:57"
95518512,225128,2040457,4655,68230396,217197,"2021-01-18 11:01"
94968109,224954,2031282,4616,67786760,216280,"2021-01-17 11:20"
94333913,224575,2018292,4588,67361232,215276,"2021-01-16 11:00"
93545150,223812,2002642,4550,66845955,214609,"2021-01-15 11:09"
92802978,223097,1987460,4517,66329467,213370,"2021-01-14 10:53"
92035510,222117,1970602,4472,65882548,212345,"2021-01-13 10:45"
91339544,220982,1953419,4446,65349477,211633,"2021-01-12 10:40"
90702906,220223,1943432,4403,64825048,210844,"2021-01-11 11:05"
90101509,219993,1935211,4368,64492597,210126,"2021-01-10 12:12"
89381906,219347,1922502,4342,64041978,209207,"2021-01-09 11:38"
88528010,217946,1907073,4304,63623473,207848,"2021-01-08 10:46"
87672854,216848,1892074,4266,63157432,206310,"2021-01-07 10:40"
86868467,216286,1876803,4223,61594450,205078,"2021-01-06 11:24"
86118403,214390,1860834,4179,61076162,204303,"2021-01-05 11:01"
85520240,213319,1850941,4126,60486965,203294,"2021-01-04 10:53"
85019629,212958,1844403,4072,60139290,202442,"2021-01-03 10:57"
84394374,212262,1835737,4016,59681126,201300,"2021-01-02 12:28"
83892223,212007,1827387,3961,59402181,199820,"2021-01-01 11:45"
83193729,210837,1813386,3920,58932394,198018,"2020-12-31 12:08"
82335916,208446,1796916,3860,58341753,196285,"2020-12-30 16:26"
81695307,206596,1781973,3795,57830716,195128,"2020-12-29 11:00"
81154259,205246,1772222,3739,57305066,193471,"2020-12-28 10:57"
80731992,204930,1764913,3671,56924993,191226,"2020-12-27 10:59"
80222683,204312,1757995,3613,56490614,189055,"2020-12-26 11:03"
79771523,203962,1750067,3548,56160251,186533,"2020-12-25 12:43"
79086170,202319,1738168,3464,55674767,183532,"2020-12-24 11:22"
78380027,200086,1724394,3394,55148950,180735,"2020-12-23 11:10"
77740380,197323,1709474,3328,54619686,178880,"2020-12-22 11:40"
77184964,195728,1699878,3257,54101196,176366,"2020-12-21 11:06"
76687903,194962,1693209,3177,53804828,173158,"2020-12-20 11:36"
76037327,192987,1681629,3101,53304349,169768,"2020-12-19 11:07"
75299629,190235,1668691,3023,52869567,165915,"2020-12-18 11:11"
74537459,186963,1655307,2955,52374434,161563,"2020-12-17 10:58"
73821896,183045,1642044,2870,51833667,157773,"2020-12-16 11:06"
73211509,179718,1628442,2778,51347757,155079,"2020-12-15 11:11"
72655939,177358,1619077,2705,50874955,151884,"2020-12-14 11:07"
72126453,175886,1611948,2640,50506678,148211,"2020-12-13 11:05"
71462822,172523,1601628,2562,49662066,144691,"2020-12-12 11:04"
70745895,168388,1588911,2484,49172210,140898,"2020-12-11 11:00"
69262556,163992,1576186,2420,48019269,136721,"2020-12-10 11:33"
68587502,159372,1563487,2367,47482977,133255,"2020-12-09 11:27"
67961285,154852,1550701,2298,47050607,130869,"2020-12-08 12:00"
67405131,152239,1541951,2233,46594335,127882,"2020-12-07 11:27"
66882253,150353,1534974,2174,46257103,124439,"2020-12-06 10:56"
66252020,147454,1524768,2102,45831083,120857,"2020-12-05 11:12"
65558031,143370,1512223,2032,45394765,117148,"2020-12-04 11:12"
64866214,139415,1499690,1964,44962234,113509,"2020-12-03 11:22"
64214449,134881,1487112,1916,44462715,110355,"2020-12-02 11:03"
63608343,131342,1474219,1861,44001773,108231,"2020-12-01 11:21"
63087142,128442,1465368,1786,43557257,105199,"2020-11-30 12:07"
62592000,126612,1458485,1712,43203107,101838,"2020-11-29 10:49"
62037905,123693,1449895,1655,42831206,98465,"2020-11-28 11:02"
61331706,119706,1438096,1600,42411308,95698,"2020-11-27 11:05"
60744487,115626,1427188,1552,42050100,92349,"2020-11-26 10:56"
60126931,111617,1415239,1501,41570679,89425,"2020-11-25 11:10"
59533128,108014,1402312,1445,41173110,87408,"2020-11-24 11:52"
59002157,105691,1393879,1398,40776358,85018,"2020-11-23 10:56"
58512319,103718,1386778,1353,40477677,82380,"2020-11-22 11:21"
57915601,100410,1377826,1304,40114821,80027,"2020-11-21 10:55"
57261775,96837,1366019,1257,39749228,77387,"2020-11-20 11:10"
56583049,93879,1355147,1200,39370986,74865,"2020-11-19 11:00"
55961152,90715,1343709,1151,38976150,72673,"2020-11-18 12:09"
55366732,87464,1332565,1113,38507343,70980,"2020-11-17 10:32"
54832578,85519,1324689,1082,38147815,68738,"2020-11-16 10:51"
54344494,84206,1318452,1049,37878300,66231,"2020-11-15 11:22"
53766702,81844,1309703,1006,37535282,63748,"2020-11-14 10:50"
53109750,78978,1299651,968,37224907,61264,"2020-11-13 10:58"
52457990,75922,1290026,925,36687958,58649,"2020-11-12 10:37"
51835949,72840,1279963,893,36407888,56434,"2020-11-11 11:05"
51259771,70243,1269571,865,36066124,54854,"2020-11-10 11:06"
50743485,68776,1262192,832,35799384,53002,"2020-11-09 11:02"
50278660,67247,1256558,794,35556538,50775,"2020-11-08 10:37"
49685311,64704,1249030,752,35268937,48410,"2020-11-07 10:46"
49056664,62305,1239991,717,35001624,46021,"2020-11-06 10:09"
48454224,59415,1231281,683,34687623,43376,"2020-11-05 10:24"
47869340,56567,1220803,654,34369995,41070,"2020-11-04 11:35"
47339417,54087,1211628,628,34039293,39380,"2020-11-03 10:25"
46834497,52660,1205432,594,33762216,37332,"2020-11-02 10:30"
46425070,51495,1200810,562,33503608,35039,"2020-11-01 10:08"
45932232,49316,1194089,546,33259068,32818,"2020-10-31 10:21"
45382151,46547,1187029,531,33018697,30910,"2020-10-30 10:36"
44789859,43775,1179466,511,32741484,29233,"2020-10-29 10:14"
44283038,40999,1172075,493,32466672,27770,"2020-10-28 10:23"
43817194,38621,1165105,470,32200294,26840,"2020-10-27 11:49"
43355163,37208,1159200,452,31907861,25837,"2020-10-26 10:54"
42973486,36380,1155224,437,31683279,24799,"2020-10-25 10:20"
42497462,33959,1149371,429,31429851,23785,"2020-10-24 10:30"
42003060,31717,1142874,413,31190947,22910,"2020-10-23 10:13"
41494389,29850,1136462,406,30916843,22064,"2020-10-22 10:30"
41050369,28287,1129741,393,30632287,21435,"2020-10-21 10:01"
40657780,26863,1123127,382,30361708,20962,"2020-10-20 10:03"
40289836,25973,1118443,374,30122268,20529,"2020-10-19 10:10"
39979677,25580,1114886,363,29897007,20053,"2020-10-18 10:41"
39593885,24761,1109249,355,29661122,19562,"2020-10-17 10:33"
39182095,23665,1103056,345,29381358,19087,"2020-10-16 10:24"
38752973,22534,1096962,344,29129637,18628,"2020-10-15 10:00"
38370434,21741,1090921,334,28853981,18197,"2020-10-14 10:00"
38049049,20993,1085482,330,28608404,17889,"2020-10-13 10:05"
37755013,20621,1081508,327,28361454,17582,"2020-10-12 10:05"
37475839,20440,1077594,324,28117060,17298,"2020-10-11 10:01"
37121450,19932,1072852,317,27903233,16953,"2020-10-10 10:00"
36761330,19446,1066952,313,27673859,16695,"2020-10-09 10:01"
36402301,18989,1060576,310,27418740,16473,"2020-10-08 10:01"
36053143,18447,1054716,309,27156099,16308,"2020-10-07 10:00"
35708182,18084,1046049,304,26877331,16192,"2020-10-06 11:38"
35404671,17797,1041862,300,26630686,16031,"2020-10-05 10:01"
35139699,17659,1038021,298,26128410,15849,"2020-10-04 10:01"
34836028,17401,1033330,293,25897996,15661,"2020-10-03 10:02"
34484731,17160,1027661,291,25675090,15423,"2020-10-02 10:00"
34166632,16827,1018871,284,25437041,15218,"2020-10-01 10:09"
33849279,16593,1012741,280,25151387,15057,"2020-09-30 10:00"
33556424,16380,1006458,275,24881607,14947,"2020-09-29 10:00"
33311251,16245,1002452,272,24639064,14793,"2020-09-28 10:02"
33062174,16197,998803,272,24412868,14609,"2020-09-27 10:01"
32769408,16007,993542,269,24178522,14405,"2020-09-26 10:01"
32420147,15795,987815,266,23934098,14303,"2020-09-25 10:00"
32101060,15572,982020,261,23682042,14111,"2020-09-24 10:00"
31788085,15340,975551,257,23403840,13815,"2020-09-23 10:00"
31490311,15136,969362,255,23119419,12987,"2020-09-22 10:00"
31240347,14992,965071,253,22835563,12737,"2020-09-21 10:02"
30991302,14922,961461,248,22587826,12536,"2020-09-20 10:17"
30698051,14725,956450,244,22340027,12353,"2020-09-19 10:00"
30356725,14513,950625,244,22046242,12169,"2020-09-18 10:00"
30042299,14279,945164,238,21808409,11933,"2020-09-17 10:05"
29730066,14029,939192,236,21544716,11690,"2020-09-16 10:02"
29450188,13749,932811,230,21281085,11412,"2020-09-15 10:00"
29188438,13598,928325,227,21031679,11151,"2020-09-14 10:05"
28946628,13533,924610,224,20813150,10899,"2020-09-13 10:01"
28663304,13368,919797,218,20587770,10721,"2020-09-12 10:07"
28329822,13107,913931,211,20345796,10466,"2020-09-11 10:01"
28030286,12917,908054,208,20106613,10142,"2020-09-10 10:02"
27743005,12626,901921,206,19833704,9833,"2020-09-09 10:00"
27492982,12285,896926,203,19592280,9553,"2020-09-08 10:12"
27296365,12081,887602,201,19379530,9266,"2020-09-07 10:02"
27069726,11964,883771,198,19170299,9008,"2020-09-06 10:17"
26799218,11739,879024,197,18909703,8771,"2020-09-05 10:05"
26476331,11428,873290,195,18666365,8530,"2020-09-04 10:06"
26184512,11094,867374,194,18448201,8266,"2020-09-03 10:10"
25906374,10725,861286,191,18198381,7968,"2020-09-02 09:42"
25649088,10414,854984,187,17951401,7735,"2020-09-01 10:21"
25390791,10269,850630,186,17109729,7434,"2020-08-31 11:34"
25170439,10123,846792,184,17510604,7212,"2020-08-30 10:03"
24940758,9861,841991,183,17317972,7024,"2020-08-29 14:02"
24659338,9549,836307,180,17116712,6809,"2020-08-28 14:08"
24364886,9192,830360,177,16896577,6595,"2020-08-27 14:02"
24090800,8888,824162,175,16632531,6362,"2020-08-26 14:03"
23837049,8530,817606,175,16379872,6124,"2020-08-25 14:05"
23613653,8311,812999,173,16103741,5926,"2020-08-24 14:11"
23407439,8175,809094,171,15940667,5801,"2020-08-23 13:49"
23149539,7900,803803,170,15732468,5678,"2020-08-22 14:13"
22892384,7594,797678,169,15538763,5584,"2020-08-21 14:05"
22611340,7329,791678,168,15326631,5472,"2020-08-20 13:53"
22334962,7074,784875,168,15070314,5386,"2020-08-19 13:51"
22079934,6855,778102,166,14814133,5318,"2020-08-18 13:54"
21852024,6656,773586,166,14575618,5254,"2020-08-17 13:23"
21640752,6571,769470,166,14350104,5220,"2020-08-16 14:01"
21385143,6420,764067,165,14167730,5193,"2020-08-15 14:02"
21100695,6258,758014,163,13949348,5134,"2020-08-14 14:08"
20837172,6050,747883,161,13729659,5078,"2020-08-13 14:03"
20552811,5870,746644,160,13465577,5024,"2020-08-12 14:03"
20281388,5740,739770,160,13205800,4962,"2020-08-11 14:03"
20044523,5649,734490,158,12914295,4906,"2020-08-10 14:01"
19830355,5604,730151,157,12737689,4861,"2020-08-09 14:03"
19569841,5543,724550,157,12564696,4817,"2020-08-08 14:01"
19287997,5466,718298,155,12381761,4758,"2020-08-07 14:01"
19006384,5404,711869,155,12193223,4688,"2020-08-06 14:01"
18728908,5376,704838,154,11941648,4589,"2020-08-05 14:03"
18476036,5318,698223,154,11702315,4517,"2020-08-04 14:01"
18259015,5294,693402,153,11460263,4438,"2020-08-03 14:03"
18052114,5260,689486,149,11348350,4373,"2020-08-02 14:03"
17794572,5224,683798,145,11186375,4341,"2020-08-01 13:37"
17512049,5138,677543,145,10965997,4267,"2020-07-31 14:55"
17214379,5071,670918,144,10727382,4178,"2020-07-31 14:54"
16924479,4993,664226,141,10487586,4099,"2020-07-29 13:56"
16674047,4922,657276,140,10264480,4034,"2020-07-28 14:48"
16448065,4881,652872,139,10069258,3936,"2020-07-27 14:21"
16233150,4857,649130,136,9933137,3866,"2020-07-26 13:50"
15971347,4792,643412,133,9764591,3778,"2020-07-25 14:18"
15684786,4715,637222,128,9568956,3555,"2020-07-24 13:37"
15405069,4634,631015,128,9382098,3394,"2020-07-23 13:44"
15122942,4530,620306,125,9138740,3278,"2020-07-22 14:03"
14881625,4422,613996,123,8936004,3183,"2020-07-21 13:43"
14669506,4370,609531,122,8752107,3098,"2020-07-20 15:31"
14452519,4345,605614,120,8636819,3018,"2020-07-19 13:39"
14224334,4253,600159,120,8492244,2929,"2020-07-18 14:01"
13980751,4137,593457,120,8306292,2825,"2020-07-17 13:54"
13727388,4039,587675,120,8178042,2729,"2020-07-16 14:05"
13495134,3953,582125,120,7880340,2629,"2020-07-15 14:03"
13266241,3827,576285,120,7732929,2558,"2020-07-14 13:51"
13062585,3775,572227,119,7611105,2514,"2020-07-13 13:51"
12869502,3722,568298,119,7501400,2486,"2020-07-12 14:03"
12653888,3672,563518,118,7387778,2466,"2020-07-11 14:03"
12420013,3532,558090,117,7246128,2377,"2020-07-10 14:33"
12193804,3416,552536,115,7090364,2323,"2020-07-09 14:02"
11976310,3325,547142,114,6920841,2277,"2020-07-08 14:10"
11769250,3272,541487,113,6762709,2229,"2020-07-07 14:01"
11584921,3220,537362,113,6552292,2210,"2020-07-06 14:03"
11410090,3151,534159,113,6458859,2196,"2020-07-05 13:58"
11216481,3094,529526,113,6362872,2183,"2020-07-04 14:01"
11016328,3008,524748,112,6172791,2168,"2020-07-03 14:04"
10834202,2912,519582,110,6054005,2155,"2020-07-02 13:54"
10614903,2831,514628,108,5824883,2155,"2020-07-01 13:38"
10435321,2777,508810,107,5692248,2155,"2020-06-30 13:58"
10272143,2725,504965,107,5573549,2155,"2020-06-29 13:54"
10110867,2691,501878,107,5483527,2152,"2020-06-28 14:03"
9935207,2624,497551,107,5383817,2152,"2020-06-27 13:51"
9737426,2539,492387,107,5269804,2150,"2020-06-26 14:06"
9559350,2483,485613,107,5198559,2149,"2020-06-25 13:47"
9380725,2388,480396,107,5068402,2145,"2020-06-24 13:57"
9218408,2366,474960,107,4961937,2142,"2020-06-23 13:29"
9067906,2336,471042,107,4850752,2142,"2020-06-22 14:09"
8943566,2317,467272,107,4756684,2142,"2020-06-21 14:04"
8787036,2299,463157,107,4647155,2142,"2020-06-20 13:51"
8608595,2280,456955,107,4559057,2142,"2020-06-19 13:34"
8467178,2269,451954,107,4439352,2142,"2020-06-18 14:11"
8283912,2258,446543,107,4339588,2141,"2020-06-17 14:01"
8137913,2255,439585,107,4249501,2140,"2020-06-16 13:50"
8017847,2254,436125,107,4140718,2140,"2020-06-15 13:59"
7895921,2252,432882,107,4056222,2134,"2020-06-14 13:18"
7765626,2251,428745,107,3983706,2134,"2020-06-13 13:52"
7622027,2249,424325,107,3860314,2133,"2020-06-12 13:12"
7482804,2249,419494,106,3798160,2132,"2020-06-11 13:21"
7343077,2249,414126,106,3620284,2130,"2020-06-10 13:54"
7222643,2247,409242,106,3557783,2130,"2020-06-09 13:49"
7110306,2247,406474,104,3469010,2128,"2020-06-08 13:42"
7005471,2247,402669,104,3427040,2126,"2020-06-07 13:38"
6874796,2247,398682,104,3368987,2121,"2020-06-06 13:40"
6726982,2247,393616,103,3269790,2113,"2020-06-05 13:14"
6596048,2247,388419,103,3187862,2105,"2020-06-04 13:45"
6474784,2246,382923,103,3083701,2095,"2020-06-03 13:34"
6393784,2246,377964,103,2926669,2088,"2020-06-02 13:52"
6290758,2246,374336,103,2862119,2077,"2020-06-01 13:49"
6179213,2246,371297,103,2747414,2072,"2020-05-31 14:02"
6052421,2246,367288,103,2675408,2063,"2020-05-30 13:40"
5925928,2245,362555,103,2593700,2059,"2020-05-29 14:07"
5813289,2245,357896,102,2514966,2051,"2020-05-28 14:07"
5709517,2244,352748,101,2450995,2047,"2020-05-27 14:12"
5609644,2244,348319,101,2386485,2046,"2020-05-26 14:08"
5520738,2244,347015,100,2313223,2035,"2020-05-25 14:11"
5428247,2244,344422,99,2259809,2027,"2020-05-24 14:00"
5324245,2243,340324,99,2172636,2023,"2020-05-23 14:04"
5219900,2243,335108,99,2097138,2011,"2020-05-22 14:04"
5109043,2237,330255,97,2037834,1978,"2020-05-21 14:03"
5008368,2234,325325,96,1974974,1978,"2020-05-20 14:04"
4911720,2232,320454,96,1919656,1967,"2020-05-19 14:08"
4821725,2228,317011,95,1866581,1946,"2020-05-18 14:04"
4740536,2226,313641,95,1824336,1936,"2020-05-17 14:06"
4649077,2224,309047,95,1771755,1913,"2020-05-16 14:24"
4546070,2222,303863,95,1716115,1869,"2020-05-15 14:11"
4452820,2221,298737,94,1675943,1850,"2020-05-14 14:04"
4363906,2213,293547,94,1613346,1834,"2020-05-13 14:11"
4274648,2207,287670,91,1537301,1808,"2020-05-12 14:04"
4207908,2196,284382,91,1504561,1784,"2020-05-11 14:13"
4122912,2187,280882,90,1451620,1764,"2020-05-10 14:05"
4033320,2176,276686,87,1400009,1726,"2020-05-09 14:07"
3936291,2161,271181,86,1351299,1689,"2020-05-08 14:12"
3843524,2125,265668,86,1314586,1641,"2020-05-07 14:09"
3747504,2119,258974,85,1251032,1601,"2020-05-06 14:05"
3664513,2112,252758,83,1206013,1560,"2020-05-05 14:07"
3585108,2101,248655,80,1161994,1522,"2020-05-04 14:18"
3502956,2096,245082,79,1128958,1489,"2020-05-03 14:04"
3418185,2088,239923,77,1089238,1463,"2020-05-02 14:06"
3325976,2085,234501,75,1052111,1421,"2020-05-01 14:04"
3237600,2076,228819,69,1010080,1348,"2020-04-30 14:13"
3152556,2062,218491,67,964840,1288,"2020-04-29 14:08"
3081410,2047,212337,63,931836,1232,"2020-04-28 14:10"
3018203,2039,207733,59,894759,1166,"2020-04-27 14:08"
2934670,2030,203687,55,840773,1103,"2020-04-26 14:07"
2846536,2016,197859,54,811777,1034,"2020-04-25 14:08"
2747053,2009,191899,51,757427,982,"2020-04-24 14:11"
2656671,1981,185192,50,729878,883,"2020-04-23 14:13"
2575199,1950,178658,48,704067,869,"2020-04-22 14:04"
2499546,1908,171338,48,658068,801,"2020-04-21 14:08"
2422286,1881,165924,47,635761,771,"2020-04-20 14:09"
2348953,1871,161221,47,605718,709,"2020-04-19 14:07"
2265291,1832,154900,39,581325,615,"2020-04-18 14:05"
2197161,1814,147512,36,557617,600,"2020-04-17 14:06"
2098981,1791,135900,35,523753,529,"2020-04-16 14:12"
2014554,1741,127598,33,491842,473,"2020-04-15 15:30"
1938786,1704,120851,31,459131,415,"2020-04-14 14:17"
1864666,1650,115101,25,433909,400,"2020-04-13 14:07"
1792779,1600,109786,23,411590,373,"2020-04-12 14:06"
1710798,1534,103512,21,382073,323,"2020-04-11 14:07"
1617576,1495,96939,21,365789,231,"2020-04-10 14:06"
1529975,1407,89427,20,337276,219,"2020-04-09 14:08"
1444822,1343,83103,19,309113,179,"2020-04-08 14:05"
1360232,1282,75961,18,293615,167,"2020-04-07 14:06"
1286294,1222,70446,16,271882,130,"2020-04-06 14:05"
1215940,1182,65663,15,253689,125,"2020-04-05 14:12"
1133455,1126,60381,12,236000,119,"2020-04-04 14:04"
1030642,1079,54229,8,220011,92,"2020-04-03 14:04"
950713,1011,48313,7,202826,88,"2020-04-02 14:04"
874607,963,43429,6,184952,73,"2020-04-01 14:16"
802941,867,39022,6,172319,67,"2020-03-31 14:47"
735336,790,34818,6,156137,64,"2020-03-30 14:16"
687905,713,31771,6,146319,52,"2020-03-30 14:21"
0,657,0,5,0,49,"2020-03-29 15:44"
558298,586,25259,3,128717,37,"2020-03-27 16:04"
492250,495,22180,3,119732,22,"2020-03-27 16:17"
441093,442,19760,1,112036,22,"2020-03-25 17:12"
396211,382,17260,0,103748,16,"2020-03-25 10:52"
341329,315,14746,0,99040,5,"2020-03-25 12:40"
318953,254,13684,0,96006,5,"2020-03-23 08:54"
287124,206,11890,0,93611,5,"2020-03-21 16:07"
255943,128,10495,0,89918,5,"2020-03-20 16:16"
219894,105,8979,0,85769,5,"2020-03-19 19:32"
217539,89,8933,0,84383,5,"2020-03-18 22:33"
189683,69,7513,0,80874,5,"2020-03-17 23:17"
175696,57,6715,0,77868,4,"2020-03-16 17:07"
156760,49,6455,0,75937,3,"2020-03-15 21:52"
145682,37,5436,0,72533,2,"2020-03-14 09:30"
139016,32,5116,0,70727,1,"2020-03-13 20:30"
0,19,0,0,0,1,"2020-03-12 08:00"
0,16,0,0,0,0,"2020-03-11 08:00"
0,13,0,0,0,0,"2020-03-10 08:00"
0,12,0,0,0,0,"2020-03-09 08:00"
0,12,0,0,0,0,"2020-03-08 08:00"
0,11,0,0,0,0,"2020-03-07 08:00"
0,10,0,0,0,0,"2020-03-06 08:00"
0,10,0,0,0,0,"2020-03-05 08:00"
0,9,0,0,0,0,"2020-03-04 08:00"
0,9,0,0,0,0,"2020-03-03 08:00"
0,8,0,0,0,0,"2020-03-02 08:00"
0,7,0,0,0,0,"2020-03-01 08:00"
0,5,0,0,0,0,"2020-02-29 08:00"
0,3,0,0,0,0,"2020-02-28 08:00"
0,3,0,0,0,0,"2020-02-27 08:00"
0,2,0,0,0,0,"2020-02-26 08:00"
